257706 长津湖 577242 2021
1299372 你好，李焕英 541320 2021
1217023 唐人街探案3 451525 2021
1417305 我和我的父辈 147673 2021
343034 速度与激情9 139226 2021
1218188 怒火·重案 132935 2021
1337700 中国医生 132831 2021
343568 哥斯拉大战金刚 123262 2021
1334342 送你一朵小红花 119607 2021
1298367 悬崖之上 119022 2021
1048268 刺杀小说家 103520 2021
1413641 扬名立万 91943 2021
1222234 我的姐姐 86025 2021
1331661 误杀2 83893 2021
1320283 你的婚礼 78923 2021
1300936 人潮汹涌 76237 2021
1218142 拆弹专家2 71255 2021
1300668 温暖的抱抱 66935 2021
1202638 失控玩家 61258 2021
1298542 白蛇2：青蛇劫起 58025 2021
1298938 熊出没·狂野大陆 55856 2021
1336183 1921 50398 2021
1299124 新神榜：哪吒重生 45636 2021
1356063 峰爆 43771 2021
1212303 古董局中局 42915 2021
338384 007：无暇赴死 41454 2021
1346626 扫黑·决战 40548 2021
1375543 盛夏未来 38685 2021
243 阿凡达 37522 2021
247871 我要我们在一起 32615 2021
553231 心灵奇旅 29796 2021
1302134 哆啦A梦：伴我同行2 27757 2021
1199007 侍神令 27398 2021
1444523 穿过寒冬拥抱你 27147 2021
1360592 当男人恋爱时 26420 2021
1164582 沙丘 25388 2021
1242151 寂静之地2 24950 2021
1298311 追虎擒龙 24367 2021
1331230 门锁 24226 2021
1283276 大红包 23534 2021
1299178 名侦探柯南：绯色的子弹 21609 2021
1241385 秘密访客 21488 2021
1225503 比得兔2：逃跑计划 19783 2021
1244901 许愿神龙 16823 2021
1226046 人之怒 16634 2021
1337941 雄狮少年 16494 2021
1371295 燃野少年的天空 16103 2021
644174 黑白魔女库伊拉 15473 2021
1360088 关于我妈的一切 15008 2021
1250676 了不起的老爸 14874 2021
1277950 反贪风暴5：最终章 14757 2021
1302235 超越 14284 2021
1363244 铁道英雄 14238 2021
1319075 守岛人 13798 2021
1378057 革命者 13692 2021
1278598 你好世界 13652 2021
894008 寻龙传说 12755 2021
1263235 明日之战 12390 2021
1414385 爱情神话 12119 2021
345006 西游记之再世妖王 11455 2021
1228771 梅艳芳 11334 2021
1322799 缉魂 11110 2021
1225754 猫和老鼠 10474 2021
1198179 阳光姐妹淘 9497 2021
1303100 新大头儿子和小头爸爸4完美爸爸 9329 2021
1244856 陪你很久很久 9257 2021
1342846 夏日友晴天 8875 2021
1298349 贝肯熊2：金牌特工 8149 2021
1383416 猪猪侠大电影·恐龙日记 7932 2021
1427538 以年为单位的恋爱 7837 2021
1229308 第十一回 7397 2021
1449681 跨过鸭绿江 7285 2021
1250950 俑之城 6993 2021
248836 八月未央 6796 2021
1310437 不速来客 6733 2021
30932 入殓师 6623 2021
1319 情书 6519 2021
1208123 第一炉香 6422 2021
1213261 热带往事 6410 2021
1328693 五个扑水的少年 6269 2021
569718 我的青春有个你 6221 2021
1220 指环王：护戒使者 6080 2021
1298314 皮皮鲁与鲁西西之罐头小人 5784 2021
1302992 大耳朵图图之霸王龙在行动 5405 2021
1309640 平安中国之守护者 5383 2021
1332663 海底小纵队：火焰之环 5314 2021
1309249 宝可梦：皮卡丘和可可的冒险 5146 2021
1332048 没有过不去的年 5079 2021
1221 指环王：双塔奇兵 5055 2021
1377099 我没谈完的那场恋爱 5010 2021
461076 紧急救援 4661 2021
335292 丛林奇航 4489 2021
1413602 三湾改编 4395 2021
1211382 阳光劫匪 4374 2021
1432307 济公之降龙降世 4065 2021
1332432 拯救甜甜圈：时空大营救 3838 2021
1263157 波斯语课 3632 2021
1204092 不老奇事 3611 2021
1453486 曾经相爱的我们 3603 2021
1296950 老鹰抓小鸡 3479 2021
428 指环王：王者无敌 3375 2021
1218187 感动她77次 3225 2021
1297927 困在时间里的父亲 3163 2021
1284360 一百零八 3129 2021
1336813 我的父亲焦裕禄 3078 2021
1322057 明天会好的 3056 2021
1284955 二哥来了怎么办 3051 2021
1250708 你的世界如果没有我 3035 2021
1229373 21座桥 2864 2021
1251207 测谎人 2789 2021
622 天书奇谭 纪念版 2772 2021
346427 兔子暴力 2667 2021
1378928 大城大楼 2586 2021
1375624 潜艇总动员：地心游记 2520 2021
1174000 日常幻想指南 2486 2021
1358557 武汉日夜 2430 2021
1284493 歌声的翅膀 2268 2021
1355028 迷你特工队之拯救恐龙王 2257 2021
1300146 白蛇传·情 2244 2021
25348 崖上的波妞 2186 2021
1236599 兰心大剧院 2171 2021
1302490 赤焰 2058 2021
1221095 再见，少年 2025 2021
1207687 普罗米亚 2014 2021
1218437 日不落酒店 2009 2021
718 天堂电影院 2000 2021
1298520 银行家 1940 2021
1223923 图兰朵：魔咒缘起 1890 2021
1288094 妈妈的神奇小子 1777 2021
1433366 开始而已 1765 2021
1156913 匹诺曹 1678 2021
1444386 守望青春 1675 2021
1403089 我为你喝彩 1558 2021
632158 真·三国无双 1558 2021
1377162 爱遍全球 1554 2021
247294 疯狂原始人2 1523 2021
1444433 越界 1509 2021
1300021 乌海 1500 2021
1301409 流浪猫鲍勃2：鲍勃的礼物 1480 2021
1189881 最后一间房 1461 2021
1297907 有一点动心 1447 2021
1397893 童年周恩来 1420 2021
1309692 千顷澄碧的时代 1407 2021
346190 山海经之小人国 1386 2021
1331256 吉祥如意 1356 2021
1255347 再见汪先森 1354 2021
424008 狼行者 1350 2021
1355802 巧虎魔法岛历险记 1324 2021
1298908 完美受害人 1316 2021
1249328 冰雪大作战2 1208 2021
1291076 野马分鬃 1174 2021
1338984 小美人鱼的奇幻冒险 1173 2021
1425171 九零后 1158 2021
246968 特种部队：蛇眼起源 1144 2021
1215841 终极代码 1135 2021
1378194 红船 1106 2021
1413319 1950他们正年轻 1088 2021
1212538 合法伴侣 1068 2021
1340796 青春作伴好还乡 1040 2021
1325149 我的爸爸是森林之王2 1024 2021
1279934 火山地狱 1004 2021
1327499 大事 1003 2021
1355429 疯狂丑小鸭2靠谱英雄 1002 2021
672203 超级的我 984 2021
1262861 候鸟 910 2021
1222053 温泉屋的小老板娘 894 2021
1396716 奇情快车 802 2021
1430577 大学 800 2021
1336427 工作细胞：细胞大作战 760 2021
1438074 梦境人生 734 2021
1281346 一直游到海水变蓝 695 2021
1219636 五尺天涯 686 2021
1199023 蜜熊的音乐奇旅 685 2021
1301976 乔西的虎与鱼 685 2021
1213079 忠犬流浪记 684 2021
335440 混沌行走 665 2021
1399225 永远是少年 654 2021
1299454 点点星光 635 2021
1353263 小破孩大状元 582 2021
1444434 深宅迷案 576 2021
1356421 探探猫人鱼公主 564 2021
1445532 第十一届北京国际电影节 563 2021
1265072 芒咕的动物城 561 2021
1259245 净地 538 2021
345639 深爱 536 2021
343270 小花仙奇迹少女 536 2021
1301774 错爱迷踪 528 2021
1320476 如梦晋阳 520 2021
1357983 只要你过得比我好 509 2021
1229843 叱咤风云 503 2021
1285582 奇异世界历险记 502 2021
1282399 苍穹 501 2021
1298359 又见奈良 500 2021
1207337 神奇女侠1984 500 2021
1378987 剩女小爱 489 2021
1285684 猪迪克之蓝海奇缘 488 2021
1309852 山路十八湾 485 2021
1355569 笨鸟大冒险 480 2021
1376728 奋斗吧中华儿女 475 2021
1302233 圣山村谜局 474 2021
1302341 邓小平小道 473 2021
1332830 不期而遇的夏天 453 2021
1250964 无罪谋杀：科林尼案 441 2021
1385630 进城记 418 2021
1301020 反击者 415 2021
1339160 金刚川 411 2021
1370988 不死鸟之恋 405 2021
1278054 寻汉计 404 2021
1290435 月照秋河 403 2021
1220837 记忆切割 393 2021
1259189 六人-泰坦尼克上的中国幸存者 381 2021
1309411 我是监护人 377 2021
1302287 三只小猪3正义大联萌 376 2021
1428010 疯狂海盗团 360 2021
1251152 柳青 358 2021
1260995 丑小鸭的天鹅湖 351 2021
1394584 疯狂艺术村 351 2021
1257454 歌带你回家 332 2021
1447363 演员 331 2021
1309961 始发站 331 2021
1205568 蜂鸟计划 331 2021
1445529 信者 328 2021
1230685 猎杀T34 327 2021
1211087 疲城 310 2021
1376994 何以飞翔 310 2021
226708 永不消逝的电波（⿊⽩转彩⾊修复故事⽚） 304 2021
1299444 长安伏妖 304 2021
1277515 青春之骏 304 2021
1301773 青春再见青春 303 2021
1276254 魔法鼠乐园 302 2021
1420977 大地颂歌 302 2021
1355765 老爷保号 300 2021
1413368 王良军长 293 2021
1289358 哦！文姬 291 2021
1413176 无尽攀登 290 2021
1368406 最可爱的人 289 2021
1229565 星溪的三次奇遇 288 2021
1330566 秀美人生 287 2021
1215653 极南之地 286 2021
1384332 团圆饭之小小少年 279 2021
1310470 夜守 276 2021
1446129 我们是第一书记 271 2021
1354472 我的嘟卡弟弟 267 2021
1396171 萌鸡小队：萌闯新世界 264 2021
1359957 梦境俏佳人 263 2021
1298050 哆啦A梦：大雄的新恐龙 261 2021
1308330 爱情拯救联盟 242 2021
1354904 蓝色的卡布奇诺 242 2021
1190390 迷妹罗曼史 240 2021
1250700 攀登者 231 2021
1301791 深潜日 231 2021
1215591 迷雾追凶 226 2021
1428367 摇滚藏獒：蓝色光芒 224 2021
1325487 沐浴之王 217 2021
1301874 你的情歌 214 2021
1280929 非正式爱情 212 2021
1376786 朝华 211 2021
1371739 幸福路上 207 2021
1437550 笙声 204 2021
1281368 半条棉被 203 2021
1280794 七月的舞步 196 2021
341892 白马王子 193 2021
1280270 魔法学院 192 2021
342287 穿越硝烟的歌声 189 2021
1373090 天牢地网 186 2021
1355789 岁月在这儿 185 2021
1301580 铁血阳泉 184 2021
1299231 鼠辈之名 183 2021
1337804 远方的风 163 2021
341051 百团大战 162 2021
1353388 小秦归乡记 160 2021
1356007 99万次拥抱 157 2021
1239281 港珠澳大桥 155 2021
1263429 移情高手 153 2021
1243421 高卢英雄：魔法的秘密 152 2021
1319624 极盗行动 150 2021
1279727 秘不可言 148 2021
1280671 龙虎劫之激战归来 148 2021
345409 小伟 145 2021
1338863 布德之路 144 2021
1309759 疯狂的拳头 142 2021
1321157 封口者 139 2021
1265157 指挥家 137 2021
1284039 第四面墙 134 2021
1303049 魔法精灵 133 2021
1204322 玄夜狐影 131 2021
1294417 危险记忆 128 2021
1197625 血战湘江 119 2021
1351858 洞庭情缘 118 2021
1378986 只是一次偶然的旅行 118 2021
1384746 天堂玩家 117 2021
1283490 遇见喵星人 117 2021
1222268 天下无拐 115 2021
337487 恐龙飞车 114 2021
