1462626 满江红 454435 2023
1366696 流浪地球2 402915 2023
1374349 孤注一掷 384884 2023
1452790 消失的她 352386 2023
346288 封神第一部 263459 2023
1413252 八角笼中 220739 2023
1475137 长安三万里 182439 2023
1479130 熊出没·伴我“熊芯” 149524 2023
1298384 坚如磐石 135162 2023
1451323 人生路不熟 118486 2023
1405256 前任4：英年早婚 101229 2023
343035 速度与激情10 98476 2023
1415196 无名 93143 2023
343521 深海 91953 2023
1439161 热烈 91323 2023
1431886 志愿军：雄兵出击 85703 2023
1301416 巨齿鲨2：深渊 85136 2023
1461072 长空之王 85001 2023
1410386 铃芽之旅 80788 2023
78461 阿凡达：水之道 74336 2023
1434052 保你平安 70065 2023
1475035 莫斯科行动 66412 2023
1383605 灌篮高手 66003 2023
1433776 变形金刚：超能勇士崛起 65570 2023
1398840 学爸 61436 2023
341224 银河护卫队3 60619 2023
1466204 拯救嫌疑人 56953 2023
1385865 三大队 56002 2023
1461561 一闪一闪亮星星 55258 2023
1298381 涉过愤怒的海 54910 2023
1443924 奥本海默 45063 2023
1284900 第八个嫌疑人 43961 2023
1470379 我爱你！ 42800 2023
1435030 交换人生 39347 2023
1431907 茶啊二中 38424 2023
1298450 蜘蛛侠：纵横宇宙 35705 2023
1259921 碟中谍7：致命清算（上） 34915 2023
1260081 海王2：失落的王国 33539 2023
1351563 河边的错误 30961 2023
1443511 这么多年 30100 2023
1368677 超能一家人 30042 2023
1203724 忠犬八公 28651 2023
1324999 扫毒3：人在天涯 28478 2023
1287540 蚁人与黄蜂女：量子狂潮 27227 2023
1479147 照明商店 25726 2023
344942 芭比 25227 2023
1451694 再见，李可乐 24105 2023
1396431 绝望主夫 23979 2023
1458876 年会不能停！ 23162 2023
1441467 怒潮 22626 2023
1443653 龙马精神 21081 2023
1418991 回廊亭 20542 2023
1417784 想见你 19070 2023
1470074 毒舌律师 18712 2023
1207114 潜行 18650 2023
341210 闪电侠 18509 2023
1428364 我经过风暴 18049 2023
1466176 好像也没那么热血沸腾 17548 2023
1250896 超级马力欧兄弟大电影 17159 2023
1359725 瞒天过海 16596 2023
341244 敢死队4：最终章 15732 2023
1331905 金手指 15658 2023
1428129 无价之宝 13798 2023
1457792 汪汪队立大功大电影2：超能大冒险 13734 2023
1228 天空之城 13548 2023
1482315 名侦探柯南：黑铁的鱼影 13216 2023
1490806 蜡笔小新：新次元！超能力大决战 11568 2023
1371010 二手杰作 11568 2023
1469637 疯狂元素城 11412 2023
1291784 惊奇队长2 11061 2023
1218073 黑豹2 10622 2023
1481984 哆啦A梦：大雄与天空的理想乡 10176 2023
1298151 中国乒乓之绝地反击 10094 2023
1474410 爆裂点 9792 2023
1482089 我本是高山 9122 2023
341858 龙与地下城：侠盗荣耀 8232 2023
1446243 贝肯熊：火星任务 8137 2023
1385790 望道 8087 2023
346119 暗杀风暴 8066 2023
1423893 念念相忘 7647 2023
1451508 超级飞侠：乐迪加速 7076 2023
1310584 宇宙探索编辑部 6704 2023
1328843 断网 6488 2023
1430688 热搜 6325 2023
1298429 检察风云 6183 2023
267 泰坦尼克号 5915 2023
1284979 饥饿游戏：鸣鸟与蛇之歌 5739 2023
34064 名侦探柯南：贝克街的亡灵 5656 2023
1300022 不止不休 5647 2023
1454001 不能流泪的悲伤 5536 2023
1404730 最后的真相 5468 2023
1466121 新猪猪侠大电影·超级赛车 5370 2023
1413896 潜艇总动员：环游地球80天 5261 2023
1379055 请别相信她 5220 2023
1216449 刀尖 5175 2023
1203426 风再起时 4904 2023
1218085 旺卡 4856 2023
1427828 不能错过的只有你 4716 2023
1467323 了不起的夜晚 4690 2023
1486791 威尼斯惊魂夜 4389 2023
1463744 非诚勿扰3 4322 2023
1481790 星愿 4244 2023
1367325 惊天救援 4205 2023
1279458 雷霆沙赞！众神之怒 4121 2023
1255080 别叫我“赌神” 4078 2023
1504098 泰勒·斯威夫特：时代巡回演唱会 4012 2023
341219 穿靴子的猫2 4006 2023
1417411 暴风 3960 2023
1432927 鹦鹉杀 3939 2023
1480580 刀剑神域进击篇：暮色黄昏 3294 2023
1457129 北京2022 3057 2023
1359675 绝地追击 2925 2023
1446134 开山人 2889 2023
1368198 拿破仑 2789 2023
1462043 不虚此行 2741 2023
1320283 你的婚礼 2706 2023
1426479 名侦探柯南：万圣节的新娘 2678 2023
1297465 小美人鱼 2651 2023
1466119 倒数说爱你 2637 2023
1385972 觅渡 2624 2023
1451342 燃冬 2608 2023
341215 夺宝奇兵：命运转盘 2392 2023
338436 爱乐之城 2369 2023
1244 红猪 2309 2023
1455707 航海王：红发歌姬 2291 2023
1431800 舒克贝塔·五角飞碟 2283 2023
1229265 梅根 2235 2023
1301084 困兽 2176 2023
1423417 余生那些年 2150 2023
1425146 追缉 2093 2023
1439096 长沙夜生活 2068 2023
1413740 可不可以不要离开我 2026 2023
1455642 宇宙护卫队：风暴力量 2013 2023
1281466 最好的相遇 1772 2023
1303089 我是哪吒2之英雄归来 1759 2023
1300115 温柔壳 1727 2023
1437441 力量密码 1701 2023
1493738 井冈星火 1641 2023
1356026 不要走散好不好 1625 2023
1282470 奇迹少女 1608 2023
1458044 爱很美味 1455 2023
1459756 狗神 1404 2023
1493351 飞鸭向前冲 1396 2023
633283 GT赛车：极速狂飙 1348 2023
1455531 迷你特工队之汉堡大作战 1340 2023
1475131 棉花糖和云朵妈妈1宝贝芯计划 1291 2023
1448795 最遗憾是错过你 1185 2023
1437738 龙珠超：超级人造人 1115 2023
1282399 苍穹 1062 2023
1455715 我们的岁月 1022 2023
1413030 一定拿到手 1010 2023
655790 忍者神龟：变种大乱斗 948 2023
1398580 小马鞭 912 2023
1514022 第十三届北京国际电影节 888 2023
1302980 百变马丁：怪兽大作战 817 2023
1300093 吾爱敦煌 810 2023
1364066 冥绝村 771 2023
1297985 靠近我一点 719 2023
1237938 凌晨两点半2 711 2023
1424022 白塔之光 709 2023
1370082 西游记之七十二变 707 2023
1509537 人民万岁 697 2023
1438600 平凡英雄 678 2023
1352371 雪域少年 659 2023
1360197 逃出白垩纪 654 2023
1446250 巧虎奇幻舞台历险记 648 2023
1261245 极寒之城 647 2023
1462687 小美人鱼之大海怪传说 645 2023
1396308 魔幻奇缘之宝石公主 644 2023
1399923 爱犬奇缘 633 2023
1456735 火山挚恋 631 2023
1445209 鳄鱼莱莱 591 2023
1457130 一路幸福 580 2023
1414027 八百矿工上井冈 565 2023
1280203 开国将帅授衔1955 538 2023
1340445 倍儿喜欢你 530 2023
1394753 功夫王之萌虎上山 522 2023
1338498 一个和四个 495 2023
1461157 周永开 488 2023
1309817 三贵情史 485 2023
1474261 超级英雄美猴王：齐天儿 469 2023
1308844 复合吧！前任 469 2023
1199751 失而复得 464 2023
1491079 替身纸人 463 2023
1433391 申纪兰 460 2023
1366642 意外人生 429 2023
1284571 青蛙王国之奇幻女王历险 422 2023
1284648 平家物语：犬王 422 2023
344160 我爸没说的那件事 421 2023
1461897 欢乐丛林之外星人大冒险 390 2023
1451356 傍晚向日葵 383 2023
1414090 醒来2 382 2023
1439155 表白吧！在毕业前 371 2023
1225762 天堂谷大冒险 370 2023
1368985 丛林启示录 366 2023
1213095 珍·古道尔的传奇一生 324 2023
1368974 永安镇故事集 323 2023
1358405 飞兔大联盟 321 2023
1484347 憨兔的奇幻之旅 316 2023
1351512 王牌二哈 311 2023
1496581 不孤岛 301 2023
1397095 色彩中国 291 2023
1411266 川流不“熄” 291 2023
1215684 午夜迷途 289 2023
1500039 雪豹和她的朋友们 277 2023
479446 女生规则 267 2023
1322292 我是霸王龙 267 2023
1413255 疯狂小世界 257 2023
1299292 天下无敌 255 2023
1225713 记忆 254 2023
1500501 舞者 249 2023
1414061 冰山下的守望者 246 2023
1490684 煞面迷影 241 2023
1297875 家园·重返地球之战 229 2023
1487331 金色面具英雄 226 2023
1505746 诡摇铃 222 2023
1417368 造梦之家 221 2023
1353495 怨偶铠甲 216 2023
1425908 困在心绪里的儿子 214 2023
1502343 画魔人 208 2023
1421105 极速保镖 208 2023
1444115 稍微想起一些 204 2023
1239057 深海危机 203 2023
1450443 月光武士 201 2023
1455263 相见在鸾峰桥 195 2023
1336437 荒原 195 2023
1462645 孤军 194 2023
1503001 老师，别哭 194 2023
1308442 拨浪鼓咚咚响 189 2023
1254456 生无可恋的奥托 188 2023
1413816 完美音符 179 2023
1431937 不曾消失的爱 177 2023
1309427 脐带 170 2023
1319894 唬胆特工 167 2023
1512418 美好人间 166 2023
1435113 山河谣 164 2023
1366858 彩虹之上 162 2023
1502534 看不见的顶峰 158 2023
1414999 一山之隔 158 2023
1324423 因爱而伟大 157 2023
1455646 萤火虫的天空 148 2023
78894 红色恋人 148 2023
1310451 摇滚藏獒：乘风破浪 147 2023
1397103 古庙迷杀 146 2023
1254650 沉默笔录 144 2023
1455737 浏阳河上 137 2023
1355330 马背上的婚礼 137 2023
1211219 禁锢 136 2023
1499026 看不见的他们 133 2023
1413881 远山花开 130 2023
1461204 仲肯 129 2023
1431900 李明瑞 128 2023
1280811 嗨！神兽 127 2023
1378526 我心向上 125 2023
1487818 烽火塘田 121 2023
1369676 普通男女 117 2023
248949 印式英语 117 2023
1491846 落地生根 114 2023
1396010 绿色的声音 114 2023
672203 超级的我 113 2023
1323749 丛林大冒险 112 2023
1365900 冠军 112 2023
1499992 烈焰卫士 108 2023
1396246 长安诡事传 107 2023
1385876 谁说我不靠谱 106 2023
1351757 爸爸，我懂你了 106 2023
1340449 单声 106 2023
1451399 怒吼 105 2023
1463698 万湖会议 105 2023
1442528 憋住·别笑 104 2023
1432271 此情可问天 101 2023
1419880 我不是葫芦瓢 100 2023
1457165 穿越烽火 100 2023
1394337 动听的生命 100 2023
1299066 爸爸的自行车 100 2023
1309869 少年日记 100 2023
1358945 野蛮人入侵 100 2023
1335232 燃烧的巴黎圣母院 100 2023
1436449 我和妈妈的最后一年 98 2023
1413584 云在江口 95 2023
1370292 临时乘客 94 2023
1485072 曾经炽热的我们 92 2023
1448001 疯狂大营救 90 2023
1233316 忠爱无言2 85 2023
1284502 大旅行 83 2023
1432843 追你而来 82 2023
1419052 征程之星火 79 2023
1205 放牛班的春天 79 2023
1475123 光明使者周维忠 77 2023
1356005 橡树餐厅 76 2023
1413493 敦煌女儿（戏曲 沪剧） 75 2023
1354970 青木劫 74 2023
