1478901 热辣滚烫 346054 2024
1495728 飞驰人生2 339860 2024
1516983 抓娃娃 332565 2024
1489349 第二十条 245473 2024
1500234 熊出没·逆转时空 200667 2024
1528124 默杀 135125 2024
1458876 年会不能停！ 106107 2024
1470629 哥斯拉大战金刚2：帝国崛起 95693 2024
1198578 你想活出怎样的人生 79115 2024
1464004 异形：夺命舰 78184 2024
1446323 末路狂花钱 78180 2024
78645 九龙城寨之围城 68500 2024
1488960 周处除三害 66573 2024
1413549 维和防暴队 51172 2024
1371016 云边有个小卖部 49868 2024
1501625 重生 46253 2024
1200478 死侍与金刚狼 43068 2024
1501191 白蛇：浮生 42424 2024
1219664 神偷奶爸4 42288 2024
1331905 金手指 41783 2024
475180 功夫熊猫4 37372 2024
1516902 逆行人生 35892 2024
1441786 沙丘2 35263 2024
1479534 头脑特工队2 34444 2024
1228248 解密 33425 2024
1488646 间谍过家家 代号：白 29336 2024
1514948 名侦探柯南：百万美元的五棱星 28274 2024
1487151 我们一起摇太阳 27601 2024
1432500 临时劫案 23742 2024
1498153 野孩子 23404 2024
1451499 被我弄丢的你 21167 2024
1309779 猩球崛起：新世界 20936 2024
1385822 我才不要和你做朋友呢 20401 2024
1207114 潜行 20354 2024
1376751 扫黑·决不放弃 19264 2024
1285798 加菲猫家族 18474 2024
1261678 逆鳞 17531 2024
225980 哈尔的移动城堡 16779 2024
1499685 谈判专家 15645 2024
1461561 一闪一闪亮星星 14981 2024
1385865 三大队 14584 2024
1435172 刺猬 14453 2024
344881 你的名字。 13753 2024
1501146 哆啦A梦：大雄的地球交响乐 13099 2024
1260081 海王2：失落的王国 12999 2024
1323744 寂静之地：入侵日 12954 2024
1456267 排球少年!! 垃圾场决战 12931 2024
1458719 海关战线 12929 2024
1521173 姥姥的外孙 12615 2024
1370725 草木人间 12173 2024
1368675 异人之下 11875 2024
1442365 养蜂人 11419 2024
672148 从21世纪安全撤离 11204 2024
1431991 出走的决心 10980 2024
1439164 动物园里有什么？ 10870 2024
1418942 走走停停 10296 2024
1298240 黄雀在后！ 10140 2024
1448767 灿烂的她 10027 2024
1432006 红毯先生 9422 2024
1511543 一雪前耻 9217 2024
1504558 喜羊羊与灰太狼之守护 9114 2024
1334237 彷徨之刃 8965 2024
1489281 传说 8000 2024
1502838 负负得正 7008 2024
1504098 泰勒·斯威夫特：时代巡回演唱会 6104 2024
1323570 疯狂的麦克斯：狂暴女神 6070 2024
1463744 非诚勿扰3 5900 2024
1487891 祝你幸福！ 5864 2024
1491083 大“反”派 5705 2024
1461152 来福大酒店 5644 2024
1320709 变形金刚：起源 5565 2024
1495758 猪猪侠大电影·星际行动 5474 2024
1489410 没有一顿火锅解决不了的事 5442 2024
1491249 错过你的那些年 5254 2024
1489942 穿过月亮的旅行 4584 2024
1491036 欢迎来到我身边 4555 2024
1431800 舒克贝塔·五角飞碟 4325 2024
1418966 落凡尘 3805 2024
1301634 绝地战警：生死与共 3667 2024
1516805 荒野机器人 3531 2024
1250604 里斯本丸沉没 3392 2024
1524398 蓝色禁区：凪 3344 2024
346109 749局 3285 2024
1371004 狗阵 3269 2024
1515993 潜艇总动员：寻龙 3230 2024
1413066 天降大任 3195 2024
1482315 名侦探柯南：黑铁的鱼影 3073 2024
1491310 志愿军：存亡之战 3058 2024
246584 沙漏 3006 2024
1462645 孤军 3004 2024
1259816 三叉戟 2896 2024
1448919 坠落的审判 2858 2024
1500903 开心超人之时空营救 2589 2024
1350281 浴火之路 2460 2024
1460979 美国内战 2327 2024
1504593 全员嫌疑人 2142 2024
1336026 龙卷风 2037 2024
1511345 伞少女 1911 2024
1405602 朝云暮雨 1882 2024
1479147 照明商店 1822 2024
1461557 今夜，就算这份爱恋从世界上消失 1791 2024
1505363 还是觉得你最好2 1787 2024
1376729 大雨 1729 2024
1456990 通往夏天的隧道，再见的出口 1597 2024
1310520 年少日记 1566 2024
1435968 阿盖尔：神秘特工 1541 2024
1431973 朱同在三年级丢失了超能力 1516 2024
1443567 假如，我是这世上最爱你的人 1498 2024
1366696 流浪地球2 1426 2024
58747 数码宝贝02：最初的召唤 1327 2024
1489930 阿莫阿依 1310 2024
1522256 我要当老师 1290 2024
53715 航海王：强者天下 1245 2024
1394072 大场面 1236 2024
1483129 白日之下 1220 2024
1431886 志愿军：雄兵出击 1187 2024
1522020 幸福慢车 1179 2024
1425266 机器人之梦 1175 2024
1521582 我，就是风! 1165 2024
1471067 谯国夫人 1126 2024
1437173 绝地重生 1114 2024
1478828 你是我的英雄 1103 2024
1432921 危机航线 1081 2024
1511969 周立波回清溪 1049 2024
1464381 再会长江 1025 2024
344012 泳者之心 1021 2024
1509537 人民万岁 985 2024
1487901 冰雪女王5：融冰之战 939 2024
1164582 沙丘 913 2024
1482089 我本是高山 900 2024
1374577 特技狂人 895 2024
1497948 戏杀 863 2024
1462637 雪豹 848 2024
338436 爱乐之城 813 2024
1517105 奇妙萌可大电影 808 2024
1282399 苍穹 797 2024
1458940 江豚·风时舞 763 2024
1328895 花千骨 656 2024
1320283 你的婚礼 649 2024
1499719 只此青绿 647 2024
2205 食神 644 2024
1504240 出发 642 2024
1435076 谁持彩练当空舞 614 2024
1523856 新龙门客栈（舞台纪录电影·越剧） 610 2024
1298495 来自汪星的你 609 2024
1165777 红楼梦之金玉良缘 599 2024
1299938 蜘蛛夫人：超感觉醒 583 2024
1356011 再见土拨鼠 570 2024
1414027 八百矿工上井冈 548 2024
1529402 蛋宝大营救 542 2024
1218085 旺卡 534 2024
1322239 盟军敢死队 520 2024
1491816 唤醒者 515 2024
1386676 爸爸是外星人 505 2024
1511483 坂本龙一：杰作 494 2024
1511023 午夜6号房 494 2024
1500600 熊猫计划 493 2024
1475199 家园梦想 483 2024
1487848 加班惊魂 445 2024
1523680 脑洞大开 443 2024
1491012 银河写手 425 2024
1302431 二郎神之深海蛟龙 414 2024
1490806 蜡笔小新：新次元！超能力大决战 410 2024
1352371 雪域少年 400 2024
1417411 暴风 399 2024
1518388 替身纸人2 391 2024
1385972 觅渡 384 2024
1442386 挑战 373 2024
1335394 八戒之天蓬下界 361 2024
1383605 灌篮高手 349 2024
344444 阿狸 346 2024
1478921 出入平安 345 2024
1459756 狗神 345 2024
1520391 江南：在爱开始的地方等你 342 2024
1441467 怒潮 331 2024
1475148 倒仓 327 2024
1366179 富都青年 327 2024
1446251 午夜怪谈 322 2024
1495734 非礼勿言 320 2024
1471301 转生大作战 316 2024
1524258 富贵东西 308 2024
1490986 你就在我身边 306 2024
1452520 一生交给党 306 2024
1487331 金色面具英雄 298 2024
1528142 地球脉动：极境生存 295 2024
1466394 四月女友 295 2024
1250661 消失的木偶 288 2024
1356108 回西藏 288 2024
1445662 堡垒 279 2024
1462630 爆款好人 244 2024
1487931 2024年巴黎奥运会赛事影院直播活动（开幕式） 244 2024
1320785 小行星猎人 238 2024
1443924 奥本海默 226 2024
1443049 孔秀 225 2024
1528216 小孩不笨3 223 2024
1280203 开国将帅授衔1955 222 2024
1493351 飞鸭向前冲 217 2024
1474410 爆裂点 213 2024
1357882 大圣降妖 213 2024
1510175 永不消逝的电波（舞台纪录电影·舞剧） 212 2024
1370436 母亲的直觉 211 2024
1300276 神秘友友 207 2024
1487748 与你相遇的日子 198 2024
1525122 康熙与路易十四 196 2024
1300093 吾爱敦煌 192 2024
1298905 八十天环游地球 187 2024
1490406 金的音像店 181 2024
1379047 有你真好！ 177 2024
1490256 爱情，到此为止 174 2024
1396308 魔幻奇缘之宝石公主 169 2024
1516739 北极荒原 159 2024
1374909 乘船而去 158 2024
1446306 最后的，最初的 150 2024
1491810 发小儿万岁 150 2024
1469175 童话·世界 149 2024
1424315 陌路惊魂 148 2024
1515431 寻秘自然：地球往事 148 2024
1461216 红色冲浪板 148 2024
1446170 门前宝地 146 2024
1355362 我们的七月 145 2024
1413629 泪光中的妈妈 132 2024
1397016 人生大事 131 2024
1328836 出门在外 127 2024
1460981 追月 124 2024
1529729 亲密 123 2024
1415027 跳水吧，少年郎 122 2024
1446134 开山人 121 2024
1354374 青年邓颖超 121 2024
1519724 重山之外 120 2024
1525666 惊心妒怨 120 2024
1229786 秋田 119 2024
1515588 古堡守灵人 118 2024
1427883 因你而动 117 2024
1395420 金腰带 114 2024
1385790 望道 114 2024
1527803 金陵御猫 113 2024
1419080 踢出个未来 110 2024
1351778 爱在陇南 109 2024
1519894 新大头儿子和小头爸爸6：迷你大冒险 107 2024
1338499 日夜江河 106 2024
1235560 白蛇：缘起 104 2024
1482260 闪耀少年之空中接力 104 2024
1419044 屋顶足球 104 2024
1504186 中国车手周冠宇 103 2024
1366363 烟火人间 102 2024
1376753 我的爷爷 101 2024
1500968 校园神探 101 2024
1300763 陀螺女孩 101 2024
1458881 陨石江湖：天降20亿 100 2024
1374349 孤注一掷 100 2024
1451694 再见，李可乐 99 2024
1427828 不能错过的只有你 99 2024
1431842 浙南儿女英雄传之热血长虹 94 2024
1489348 黄貔：天降财神猫 89 2024
1435017 李夏·在路上 87 2024
1352808 信仰无敌 84 2024
1297467 守龙者 83 2024
1457792 汪汪队立大功大电影2：超能大冒险 83 2024
1298507 乜代宗师 80 2024
1298569 人海同游 75 2024
1481893 看不见的朋友 72 2024
1515447 寻秘自然：无形之力 72 2024
531370 加拉帕戈斯：自然的仙境 71 2024
1526140 父亲在远方 68 2024
1362705 爱的重叠 68 2024
1431926 奇迹舞社 68 2024
1302341 邓小平小道 67 2024
1462687 小美人鱼之大海怪传说 66 2024
1340449 单声 66 2024
1433654 还是觉得你最好 64 2024
672203 超级的我 61 2024
1426009 世界欠我一个你 60 2024
1366178 夜幕将至 59 2024
1208424 一千零一夜之拯救黄金城 59 2024
1498129 心的温度 58 2024
1413802 陌路狂刀 54 2024
1397232 少年先锋 54 2024
1492590 流浪地球2：再次冒险 53 2024
1449034 生死赛车 53 2024
1414041 汉文皇后（戏曲 越剧） 52 2024
1398529 家有儿女之神犬当家 51 2024
1357867 小倩 48 2024
1355149 生死坚守 46 2024
1414999 一山之隔 45 2024
1479602 疯狂星期一 45 2024
1478845 渼陂 43 2024
1461204 仲肯 42 2024
1467319 冲·撞 41 2024
1519246 大话情圣 41 2024
1466234 森林飞侠 40 2024
3606 哈利·波特与魔法石 17 2024
1528398 皮皮鲁和鲁西西之309暗室 12 2024
1300030 开国宴风云 4 2024
1308987 何处生长 1 2024
