1446115 长津湖之水门桥 406745 2022
1359034 独行月球 310310 2022
1433696 这个杀手不太冷静 262800 2022
1397016 人生大事 171259 2022
1224712 万里归途 159323 2022
1383307 奇迹·笨小孩 137934 2022
1187439 侏罗纪世界3 105944 2022
1405863 熊出没·重返地球 97772 2022
78461 阿凡达：水之道 95468 2022
1203439 神探大战 71215 2022
249033 明日战记 67947 2022
1444523 穿过寒冬拥抱你 66538 2022
1367251 狙击手 60806 2022
1407233 新神榜：杨戬 55553 2022
1335230 哥，你好 54799 2022
1389048 四海 54279 2022
1277950 反贪风暴5：最终章 48137 2022
1412992 李茂扮太子 46205 2022
1298265 坏蛋联盟 33525 2022
1331661 误杀2 28250 2022
893936 小黄人大眼萌：神偷奶爸前传 23794 2022
1369917 断·桥 23251 2022
1357145 外太空的莫扎特 22396 2022
1438600 平凡英雄 21553 2022
1417784 想见你 21291 2022
522013 神奇动物：邓布利多之谜 19417 2022
1426479 名侦探柯南：万圣节的新娘 17510 2022
1359975 扫黑行动 17426 2022
345276 十年一品温如言 16724 2022
1359726 边缘行者 16649 2022
1328765 我是真的讨厌异地恋 16520 2022
341955 新蝙蝠侠 16328 2022
1455707 航海王：红发歌姬 16256 2022
1445469 喜羊羊与灰太狼之筐出未来 16051 2022
1048263 月球陨落 15846 2022
1427538 以年为单位的恋爱 15361 2022
338380 神秘海域 15147 2022
1414385 爱情神话 13914 2022
1308364 暗恋·橘生淮南 13543 2022
1263216 精灵旅社4：变身大冒险 12375 2022
1336701 一周的朋友 12168 2022
1403540 好想去你的世界爱你 11000 2022
1336601 隐入尘烟 10973 2022
1433654 还是觉得你最好 10723 2022
1413861 钢铁意志 10299 2022
1372606 哆啦A梦：大雄的宇宙小战争 2021 9920 2022
1300821 花束般的恋爱 9606 2022
1298561 黑客帝国：矩阵重启 8576 2022
1337941 雄狮少年 8466 2022
1475162 新大头儿子和小头爸爸5：我的外星朋友 8278 2022
1328669 汪汪队立大功大电影 8250 2022
1331205 遇见你 7834 2022
1356218 海底小纵队：洞穴大冒险 7762 2022
1298049 密室逃生2 7720 2022
1435019 妈妈！ 7710 2022
1337006 魔法满屋 7668 2022
1396431 绝望主夫 7390 2022
1225557 尼罗河上的惨案 6850 2022
1435147 我们的冬奥 6505 2022
1359285 世间有她 5621 2022
1357865 不要忘记我爱你 5602 2022
247871 我要我们在一起 5557 2022
1415091 您好，北京 5036 2022
346331 山海经之再见怪兽 3829 2022
1394637 海的尽头是草原 3612 2022
1382890 我的遗憾和你有关 3284 2022
1322292 我是霸王龙 3275 2022
1396171 萌鸡小队：萌闯新世界 3170 2022
1325640 新灰姑娘2 3161 2022
341284 误杀瞒天记 3150 2022
1449681 跨过鸭绿江 3132 2022
1410425 你是我的春天 3064 2022
1358119 猪猪侠大电影·海洋日记 2940 2022
1368714 狼群 2868 2022
1439146 迷你世界之觉醒 2715 2022
1456737 坠落 2619 2022
1394182 带你去见我妈 2374 2022
1318977 小虎墩大英雄 2220 2022
1331600 一直一直都很喜欢你 2200 2022
1302341 邓小平小道 2184 2022
1370418 搜救 2000 2022
1296947 最初的梦想 1912 2022
1321671 小马宝莉：新世代 1721 2022
1198692 东北虎 1692 2022
1297952 开心超人之英雄的心 1657 2022
1287309 遇见你之后 1653 2022
1310222 我们的样子像极了爱情 1616 2022
1309268 可不可以你也刚好喜欢我 1605 2022
1371759 亡命救护车 1584 2022
248182 七人乐队 1565 2022
1355200 青蛙王国-极限运动 1500 2022
1377834 雀斑公主 1429 2022
1324996 唐顿庄园2 1297 2022
1214749 纽约的一个雨天 1270 2022
1466295 疯了！桂宝之三星夺宝 1265 2022
1302480 猎屠 1256 2022
1356647 九妹 1178 2022
1205957 天才计划 1155 2022
1413602 三湾改编 1032 2022
1212472 冲出地球 1001 2022
1250907 致我的陌生恋人 913 2022
1368975 沼泽深处的女孩 784 2022
1450064 世界上最爱我的人 764 2022
1413641 扬名立万 726 2022
1205 放牛班的春天 718 2022
1416685 忠犬帕尔玛 691 2022
1448787 花儿为什么这样红 691 2022
341219 穿靴子的猫2 669 2022
1328693 五个扑水的少年 644 2022
1287590 我心飞扬 633 2022
1302406 漫长的告白 633 2022
1403422 我的非凡父母 618 2022
1384882 突破口 595 2022
1324669 你是我的一束光 582 2022
1424470 异兽 574 2022
1365176 那时的你 554 2022
1414069 浴血誓言 543 2022
1365180 疯狂熊孩子2 538 2022
1284682 卧鼠藏虫 532 2022
1048274 我要和你在一起 528 2022
1373598 独家头条 505 2022
1361363 下一站：幸福 503 2022
1303049 魔法精灵 498 2022
1461028 永不妥协 451 2022
1430937 云霄之上 445 2022
1394395 夺命黄金 438 2022
1338396 如果有一天我将会离开你 432 2022
1306855 大白鲨之夺命鲨口 403 2022
1324722 出拳吧，妈妈 399 2022
1336255 忍者神龟：崛起 390 2022
1336813 我的父亲焦裕禄 380 2022
1396360 牧蜂姑娘 376 2022
1286117 巨星嫁到 375 2022
344038 猫狗武林 366 2022
1330422 青蛙王子历险记2 355 2022
1336452 珠峰队长 347 2022
1265626 印度女孩 347 2022
1301515 柳浪闻莺 341 2022
1354748 密案1922 334 2022
1355616 屋内有人 328 2022
1282399 苍穹 324 2022
1301026 760号犯人 318 2022
1432540 杀掉那个魔术师 303 2022
257706 长津湖 292 2022
1355899 致命记忆之花开双生 290 2022
1302310 追光万里 276 2022
1277951 只属于我们的一天 272 2022
1256732 乘客 254 2022
1381335 迷失之城 248 2022
1366858 彩虹之上 242 2022
1395465 镜世界 231 2022
1338984 小美人鱼的奇幻冒险 227 2022
1376746 乡土 226 2022
1360183 一江春水 223 2022
342287 穿越硝烟的歌声 223 2022
1396716 奇情快车 220 2022
1454568 高铁作证 211 2022
1461255 个十百千万 204 2022
1426819 迷途重生 191 2022
1442177 草原大作战 190 2022
667560 纹身 186 2022
1420977 大地颂歌 186 2022
1197669 勃沙特的长征 179 2022
1354472 我的嘟卡弟弟 174 2022
1412998 向着明亮那方 170 2022
1291074 冰上时刻 167 2022
1397169 闪耀的星空 164 2022
1473646 广东省迎接党的二十大优秀影片展映 162 2022
344558 错乱空间 162 2022
1324423 因爱而伟大 160 2022
1424311 陈真 160 2022
1358211 诺亚方舟漂流记2 160 2022
1355569 笨鸟大冒险 156 2022
1319894 唬胆特工 153 2022
1413143 盒子的秘密 153 2022
1435285 侏罗纪大乐园 145 2022
1437427 龙女孩 142 2022
1299976 迷失1231 139 2022
1358042 天之书 138 2022
1355028 迷你特工队之拯救恐龙王 132 2022
1429716 人间世 130 2022
1300146 白蛇传·情 130 2022
1462221 陪你在全世界长大 130 2022
1298367 悬崖之上 129 2022
1359434 我的体育老师 129 2022
1370082 西游记之七十二变 129 2022
1370292 临时乘客 128 2022
1310577 来处是归途 126 2022
1372002 芭比公主历险记 122 2022
1328832 叫我郑先生 118 2022
1447442 绿茵之外 118 2022
1461478 大国粮仓 115 2022
1447441 青春正好 114 2022
1462219 红光 114 2022
1356490 农民院士 112 2022
1427829 地火 106 2022
1457220 丹顶鹤 105 2022
1473618 2022年德国导演维姆·文德斯电影作品展映 103 2022
346174 焚情 102 2022
1376994 何以飞翔 102 2022
1375800 不一样的九零后 100 2022
1455737 浏阳河上 100 2022
1396517 年少有你 98 2022
1276254 魔法鼠乐园 95 2022
1413102 最后58天 93 2022
1247341 妖怪手表：永远的朋友 83 2022
1487333 伊朗电影展映 82 2022
1473640 光影湾区·香江风华-庆祝香港回归祖国25周年香港电影展映 82 2022
1354608 浴血大别山 81 2022
1212303 古董局中局 81 2022
1376786 朝华 80 2022
1357983 只要你过得比我好 79 2022
1336183 1921 79 2022
365455 2067 76 2022
402719 难忘的岁月 76 2022
1227585 新灰姑娘 76 2022
1297448 花滑女王2：爸爸我爱你 75 2022
1446129 我们是第一书记 74 2022
1384332 团圆饭之小小少年 74 2022
1376991 药·不要 74 2022
1377158 钟馗伏妖 73 2022
1395480 九兰 72 2022
1291452 红辣椒 71 2022
1299231 鼠辈之名 71 2022
1280794 七月的舞步 69 2022
1308475 野夏天 66 2022
1182552 红海行动 65 2022
1298258 不要再见啊，鱼花塘 65 2022
1431960 爱情的代驾 64 2022
1299144 阿里巴巴与神灯 61 2022
1478275 2022年德国电影大师展（上海） 59 2022
1461072 长空之王 58 2022
1279730 潜艇总动员：外星宝贝计划 56 2022
1352665 读心者之深海 55 2022
1378194 红船 55 2022
1474261 超级英雄美猴王：齐天儿 54 2022
248906 流浪地球 53 2022
1355683 冏样喜事 53 2022
1455282 花开高黎贡 53 2022
1337700 中国医生 52 2022
1487129 2022金鸡国际（港澳台）影展 52 2022
1331267 一点就到家 50 2022
1355755 为了明天升起的太阳 49 2022
1328840 银河宝贝 49 2022
1442683 追光 48 2022
1356063 峰爆 48 2022
672203 超级的我 48 2022
1417305 我和我的父辈 46 2022
1445798 让这首歌作证 45 2022
1487130 万影影业2022金鸡香港影展 44 2022
1294305 我的英雄 43 2022
1228963 无名故事 43 2022
1230121 中国机长 43 2022
332144 南太平洋之旅 42 2022
1473626 2022法国电影展映（北京） 42 2022
1319075 守岛人 42 2022
1280799 触摸星空 41 2022
1263434 孤山魅影 41 2022
1298859 木兰：横空出世 41 2022
1384928 谷魂 40 2022
1303796 “炼”爱 40 2022
1393881 超级特战队 38 2022
1305125 罗曼蒂克之城 38 2022
1473620 2021中国（广州）国际纪录片节金红棉影展 38 2022
1300512 大熊雨林 38 2022
1445529 信者 38 2022
1455279 何叔衡 37 2022
1242210 反恐特战队：清盘行动 37 2022
1473642 相约香港·香港经典电影展映 36 2022
1473632 2022年比利时导演达内兄弟电影展映 34 2022
1473639 2022年香港电影展 34 2022
1470241 以法之名 33 2022
14729 国际空间站 IMAX 3D 32 2022
1339160 金刚川 32 2022
1285096 地瓜味的冰激凌 31 2022
296200 熊猫盼盼 31 2022
1325058 红尖尖 31 2022
1487139 2022奥地利古典艺术影像展 30 2022
1301020 反击者 30 2022
1319683 梦境历险记 30 2022
243 阿凡达 29 2022
1366637 牧民省长尕布龙 29 2022
1302479 诗巫风云 29 2022
1395730 老墙 28 2022
1473624 2022年俄罗斯电影展映活动 28 2022
1216151 漫游 28 2022
1473648 2022香港电影经典主题展 28 2022
1355652 奇幻森林之兽语小子 27 2022
1477067 2022艺术博物馆主题意大利电影展映活动 27 2022
1355055 石狮之舞 27 2022
1356132 大头大头下雨不愁 26 2022
1106283 宇宙之旅 26 2022
